75
Number of no-fly zones:														
15														
Nodes in no-fly zones:														
28	22	32	45	29	17	41	20	15	40	25	44	11	5	39
-31.5805	26.8881	depot
37.4968	11.1975	v1
-4.63606	-8.23852	v2
-15.5772	31.2268	v3
14.3892	75.354	v4
20.2175	-27.5081	v5
-6.39323	-2.80471	v6
-8.03989	7.69533	v7
-16.5008	12.1436	v8
61.5335	60.3257	v9
41.3048	-57.6592	v10
-1.08343	-3.89664	v11
-115.263	20.7965	v12
-103.504	11.4775	v13
17.9306	-26.8855	v14
-21.4775	-55.3401	v15
-13.591	27.1602	v16
0.924733	0.0830375	v17
11.5896	13.355	v18
12.6733	59.3859	v19
-5.77202	-9.67855	v20
2.96924	-16.1076	v21
5.56103	-9.4	v22
-28.006	17.2291	v23
84.3957	36.678	v24
-0.102094	0.634081	v25
4.03867	6.07499	v26
23.4743	-47.5972	v27
57.7393	-0.731074	v28
32.5748	79.502	v29
7.68939	0.252418	v30
24.4768	-4.22583	v31
-81.7638	58.7955	v32
-14.3575	-29.4377	v33
9.11645	-12.2588	v34
-27.1579	-14.178	v35
-1.30511	1.30566	v36
-6.08208	-38.0441	v37
9.44124	6.71453	v38
1.23705	-1.86911	v39
7.68288	-39.8313	v40
30.0779	17.7735	v41
0.485267	0.637967	v42
20.0581	-13.812	v43
17.3894	36.0373	v44
-0.905036	-23.0731	v45
23.852	1.30755	v46
31.8429	-36.1888	v47
-77.1676	-40.0753	v48
9.27691	7.2125	v49
15.3633	4.37153	v50
30.9127	-30	v51
10.276	-21.3282	v52
7.28849	-18.6431	v53
24.9903	-46.3104	v54
31.1869	-14.5574	v55
2.25784	8.17371	v56
-50.9279	-38.2318	v57
2.42476	-3.28653	v58
-0.346975	-2.10487	v59
-24.5799	11.7893	v60
35.0948	-0.958932	v61
-21.7431	31.8373	v62
-25.2689	15.547	v63
-6.57026	7.45554	v64
30.052	-20.5905	v65
-72.2752	38.4922	v66
18.1649	13.4429	v67
13.9623	-8.80029	v68
42.2345	58.4032	v69
25.527	123.126	v70
-58.4827	13.404	v71
-68.4436	-22.0554	v72
47.08	2.99078	v73
-12.67	-3.15706	v74
0
4.2
1.8
3.5
0.1
2
2.5
2.9
0.9
1.3
1.5
0.6
4.6
3.2
2.8
1.2
4.2
4.6
4.3
2.8
3.7
4.2
0.5
0.3
0.4
4.3
3.3
2.2
1.7
1.9
4.6
4.8
2.7
2.2
3.9
2
1.3
1.8
5
3.6
4.5
0.4
1.2
2.3
3.4
2.4
1.5
4.2
1.2
0.4
1.9
4.8
4.5
1.3
0.8
3.8
1
2.4
4.2
3
2.9
1.7
3.6
4.1
4.3
3.9
0.7
4.1
4.3
1.5
4.9
4.7
0.6
4.1
3
0	28800
0	14400
3600	25200
14400	28800
0	28800
10800	25200
3600	25200
3600	25200
14400	28800
0	28800
10800	25200
3600	25200
7200	21600
7200	21600
10800	25200
3600	25200
14400	28800
3600	25200
3600	25200
0	28800
3600	25200
3600	25200
3600	25200
14400	28800
0	14400
3600	25200
0	28800
10800	32400
0	14400
0	28800
0	28800
0	14400
7200	21600
3600	25200
0	28800
3600	25200
0	28800
3600	25200
0	28800
0	28800
10800	32400
0	14400
0	28800
10800	32400
0	28800
3600	25200
0	14400
10800	32400
7200	21600
0	28800
0	28800
10800	32400
10800	32400
0	28800
10800	32400
10800	32400
0	28800
3600	25200
0	28800
0	28800
14400	28800
0	14400
14400	28800
14400	28800
0	28800
10800	32400
7200	21600
0	28800
0	28800
0	28800
0	28800
7200	21600
7200	21600
0	14400
0	28800
0	28800
