50
Number of no-fly zones:									
10									
Nodes in no-fly zones:									
2	31	17	20	37	8	4	16	35	30
-2.63632	-2.36195	depot
58.4195	96.4627	v1
16.9564	-20.6951	v2
3.86153	-10.3086	v3
-3.00127	12.2566	v4
17.0281	-20.8118	v5
-39.1748	-13.579	v6
11.806	50.4142	v7
-49.3233	-69.0604	v8
1.48534	0.165992	v9
-7.77691	-8.91123	v10
-8.4357	-8.16719	v11
-44.1301	-15.3549	v12
35.9443	-22.8362	v13
-5.69029	-18.1399	v14
83.0199	29.3229	v15
2.66213	4.44873	v16
60.3598	47.191	v17
-0.531251	0.110456	v18
-2.01906	32.3168	v19
26.5311	-40.1035	v20
-3.42268	-17.418	v21
3.49744	3.373	v22
-28.6804	8.43296	v23
45.6705	-38.4294	v24
57.5873	-19.6334	v25
9.96791	46.4392	v26
-6.78719	15.2899	v27
-5.53313	-3.23978	v28
-0.564578	22.514	v29
-46.3857	21.7778	v30
-14.8953	21.4608	v31
3.93658	-26.7941	v32
-36.7978	-79.9279	v33
-62.7742	67.6822	v34
-5.10581	-6.10196	v35
17.0979	-6.26826	v36
-36.5345	-41.8893	v37
15.3918	62.7651	v38
-76.5713	32.5181	v39
11.9495	28.7829	v40
-29.9374	44.0064	v41
27.7322	-20.3205	v42
68.8435	20.569	v43
68.4541	38.9605	v44
0.735287	-29.6454	v45
-37.5714	-6.21131	v46
8.62146	60.4071	v47
32.2172	34.5451	v48
-0.966615	-32.6306	v49
0
4.2
1.8
3.5
0.1
2
2.5
2.9
0.9
1.3
1.5
0.6
4.6
3.2
2.8
1.2
4.2
4.6
4.3
2.8
3.7
4.2
0.5
0.3
0.4
4.3
3.3
2.2
1.7
1.9
4.6
4.8
2.7
2.2
3.9
2
1.3
1.8
5
3.6
4.5
0.4
1.2
2.3
3.4
2.4
1.5
4.2
1.2
0.4
0	28800
0	21600
7200	21600
7200	21600
14400	36000
7200	21600
0	28800
14400	36000
0	28800
7200	21600
7200	21600
7200	21600
0	28800
7200	21600
7200	21600
0	21600
7200	21600
0	21600
7200	21600
14400	36000
7200	21600
7200	21600
7200	21600
0	28800
7200	21600
7200	21600
14400	36000
14400	36000
7200	21600
14400	36000
0	28800
0	28800
7200	28800
0	28800
0	28800
7200	28800
7200	28800
0	28800
0	28800
0	28800
0	28800
0	28800
7200	28800
0	21600
0	21600
7200	28800
0	28800
0	28800
0	28800
7200	28800
0	28800
