100
Number of no-fly zones:																			
20																			
Nodes in no-fly zones:																			
86	38	73	27	46	44	36	63	23	57	32	62	97	8	79	99	42	18	26	14
20.9605	-11.8387	depot
9.16348	52.091	v1
17.5011	1.0452	v2
-14.5618	9.80315	v3
75.4373	-22.492	v4
-31.3628	16.6527	v5
-78.7496	-38.9182	v6
-11.9668	22.9084	v7
-25.958	5.41052	v8
7.34132	10.7353	v9
-53.0322	26.8499	v10
-1.15413	-0.378028	v11
59.4924	-14.9419	v12
-25.6339	10.488	v13
-38.0933	-60.6609	v14
-12.1519	4.32438	v15
8.35624	0.732654	v16
-65.8922	29.149	v17
-2.91794	8.30827	v18
-3.45903	-43.1623	v19
123.529	2.99535	v20
25.8899	32.4115	v21
-4.69205	-2.28426	v22
-70.2461	-1.81081	v23
12.5467	-27.86	v24
109.431	89.2939	v25
3.41233	-4.12939	v26
3.91773	-59.8155	v27
9.56256	15.5806	v28
-0.588659	2.49141	v29
-6.28642	-53.1975	v30
-17.3371	33.0692	v31
37.8093	-27.715	v32
-63.2399	6.83445	v33
-14.8551	2.87436	v34
19.8951	11.3322	v35
10.3112	5.18658	v36
-10.5281	-18.3667	v37
-91.6564	21.89	v38
-72.4258	-2.64344	v39
38.5053	27.2444	v40
18.922	-27.8967	v41
4.06332	108.402	v42
11.7084	-23.2046	v43
-18.6006	20.4751	v44
-32.6486	22.0472	v45
101.647	-6.42926	v46
33.3558	-8.05148	v47
-0.726999	-2.55992	v48
14.845	-17.1673	v49
-37.5668	-25.6888	v50
-1.81899	-5.18166	v51
28.0677	17.4073	v52
-9.96552	-20.5751	v53
46.9096	98.6561	v54
-13.0395	11.9927	v55
11.8394	12.603	v56
-16.6816	-15.7243	v57
-5.06209	14.3438	v58
-14.0506	-61.1348	v59
-39.817	-38.932	v60
-2.25558	-8.0548	v61
-1.98064	-7.88567	v62
-15.5101	-22.0368	v63
-3.91858	1.16945	v64
-15.0703	26.9338	v65
18.904	12.5315	v66
-5.82989	-32.0418	v67
64.7218	39.5027	v68
37.6035	-113.291	v69
4.40778	27.8793	v70
-2.23491	5.82191	v71
23.6527	32.9605	v72
-17.7318	-8.50993	v73
12.3696	-0.740419	v74
-9.1934	12.4224	v75
41.5355	-15.3062	v76
3.02141	2.61677	v77
-18.0083	-45.091	v78
-27.7913	-39.5526	v79
-25.0332	-19.4373	v80
20.9621	-2.14697	v81
15.7162	-27.4796	v82
0.270822	-0.0203026	v83
-80.4204	-29.2772	v84
3.08801	0.275643	v85
13.9334	-13.2904	v86
93.2261	-21.3924	v87
94.446	68.4984	v88
50.6	-45.2001	v89
-20.9843	16.6506	v90
45.7201	-16.8956	v91
-35.5333	34.9282	v92
-38.2164	3.55345	v93
-18.4504	-55.9549	v94
-59.685	-50.3816	v95
-6.80361	-7.72502	v96
7.98957	5.83512	v97
42.692	-18.3704	v98
7.81501	3.4707	v99
0
4.2
1.8
3.5
0.1
2
2.5
2.9
0.9
1.3
1.5
0.6
4.6
3.2
2.8
1.2
4.2
4.6
4.3
2.8
3.7
4.2
0.5
0.3
0.4
4.3
3.3
2.2
1.7
1.9
4.6
4.8
2.7
2.2
3.9
2
1.3
1.8
5
3.6
4.5
0.4
1.2
2.3
3.4
2.4
1.5
4.2
1.2
0.4
1.9
4.8
4.5
1.3
0.8
3.8
1
2.4
4.2
3
2.9
1.7
3.6
4.1
4.3
3.9
0.7
4.1
4.3
1.5
4.9
4.7
0.6
4.1
3
2.1
0.1
0.7
0.2
4.4
4.9
3
2.4
3.5
0.5
0.7
4.1
1.7
2.7
3.2
0.9
4.5
4
2.7
2.4
3.8
3.9
1.9
3.3
3
0	28800
0	28800
7200	21600
3600	25200
0	28800
3600	25200
10800	32400
3600	25200
3600	25200
7200	21600
0	14400
7200	21600
0	28800
3600	25200
10800	32400
3600	25200
7200	21600
0	14400
7200	21600
3600	25200
0	28800
0	28800
7200	21600
0	14400
3600	25200
0	28800
7200	21600
3600	25200
0	28800
7200	21600
3600	25200
3600	25200
0	28800
0	14400
3600	25200
0	28800
7200	21600
14400	28800
0	14400
0	14400
0	28800
3600	25200
0	28800
7200	21600
3600	25200
3600	25200
0	28800
0	28800
7200	21600
7200	21600
14400	36000
7200	21600
0	28800
14400	36000
0	28800
0	28800
0	28800
14400	36000
0	28800
3600	25200
10800	32400
7200	21600
7200	21600
14400	36000
7200	21600
0	28800
0	28800
14400	36000
0	28800
3600	25200
0	28800
7200	21600
0	28800
14400	36000
7200	21600
0	28800
0	28800
7200	21600
3600	25200
14400	36000
14400	36000
7200	21600
3600	25200
7200	21600
10800	32400
7200	21600
7200	21600
0	28800
0	28800
0	28800
0	28800
0	28800
0	28800
0	28800
3600	25200
10800	32400
7200	21600
7200	21600
0	28800
7200	21600
0	28800
