50
Number of no-fly zones:									
10									
Nodes in no-fly zones:									
25	31	47	1	39	25	3	2	12	10
-14.6207	-0.991279	depot
22.3546	3.4945	v1
-43.0329	-12.1619	v2
36.3855	22.9253	v3
-18.2762	1.28921	v4
-59.2803	-51.0758	v5
-7.73395	-4.23097	v6
-71.0411	-38.7552	v7
6.32745	0.127129	v8
20.3769	39.0638	v9
-25.5107	1.31138	v10
-2.59547	4.05229	v11
8.0592	-13.5319	v12
52.1096	-34.0847	v13
-32.4466	6.82668	v14
-8.89155	12.1297	v15
-44.8878	9.87607	v16
-54.8668	26.5694	v17
-2.17515	3.61133	v18
49.8784	8.74297	v19
-27.5337	-21.2242	v20
-0.284079	-4.43038	v21
5.37676	2.9243	v22
-4.23314	6.18562	v23
-48.1674	16.6817	v24
-14.3499	6.13724	v25
41.6399	-12.9512	v26
-1.88845	-14.2397	v27
-57.1083	14.4167	v28
69.4696	-11.0191	v29
9.95886	-23.3352	v30
4.45991	-9.35974	v31
14.9926	4.95568	v32
54.0493	-21.1867	v33
-2.31245	-48.5088	v34
0.607747	6.47613	v35
28.3825	-12.5578	v36
19.6871	-27.9728	v37
-20.9895	-29.1794	v38
-19.2791	0.726509	v39
-54.2896	39.4083	v40
-2.04877	-4.23138	v41
-26.1521	-18.9461	v42
-14.9363	7.43606	v43
7.18856	-1.29945	v44
-0.480871	-2.76683	v45
-7.76642	16.4547	v46
1.72322	6.35526	v47
14.5185	-10.817	v48
17.7855	9.65294	v49
0
4.2
1.8
3.5
0.1
2
2.5
2.9
0.9
1.3
1.5
0.6
4.6
3.2
2.8
1.2
4.2
4.6
4.3
2.8
3.7
4.2
0.5
0.3
0.4
4.3
3.3
2.2
1.7
1.9
4.6
4.8
2.7
2.2
3.9
2
1.3
1.8
5
3.6
4.5
0.4
1.2
2.3
3.4
2.4
1.5
4.2
1.2
0.4
0	28800
10800	25200
7200	21600
0	28800
10800	25200
14400	28800
10800	32400
14400	28800
10800	32400
10800	32400
7200	21600
10800	32400
10800	32400
0	28800
7200	21600
10800	32400
7200	21600
0	14400
10800	32400
0	28800
14400	28800
10800	32400
10800	32400
10800	32400
7200	21600
10800	32400
0	28800
10800	32400
7200	21600
0	28800
10800	32400
10800	32400
10800	32400
0	28800
14400	28800
10800	32400
0	28800
0	28800
14400	28800
10800	32400
0	14400
0	28800
14400	28800
0	28800
0	28800
0	28800
0	28800
0	28800
0	28800
0	28800
0	28800
