75
Number of no-fly zones:														
15														
Nodes in no-fly zones:														
19	15	12	67	29	36	13	22	9	42	11	10	68	47	60
22.1134	-25.4852	depot
-14.7182	-3.53692	v1
1.68357	9.79826	v2
-32.3284	19.0038	v3
33.4593	8.77761	v4
-15.46	13.503	v5
25.7581	-15.0335	v6
37.7321	49.9872	v7
25.9832	11.5875	v8
-110.013	9.22793	v9
-0.180573	0.987559	v10
49.119	-56.9815	v11
41.1007	-24.4802	v12
-1.23375	0.336163	v13
-30.7328	-25.2712	v14
-9.48504	23.2012	v15
5.70086	-38.7271	v16
-1.1109	-27.3274	v17
21.027	20.6957	v18
134.801	10.1041	v19
6.30754	29.3889	v20
-12.4541	-99.616	v21
-24.7253	-34.401	v22
44.6624	-10.7068	v23
-24.58	-11.8002	v24
48.1248	-19.7021	v25
-26.5725	6.28199	v26
-55.4558	3.97194	v27
-3.25363	34.2399	v28
55.4597	28.7598	v29
41.3483	34.5217	v30
14.3382	-7.01065	v31
86.8347	-26.1719	v32
-42.4711	26.4259	v33
-11.9595	8.54087	v34
-0.609555	55.0461	v35
4.57009	-0.652204	v36
6.37035	-2.01952	v37
1.60321	41.6572	v38
17.3398	2.14684	v39
103.524	-99.3232	v40
-3.94119	0.310798	v41
-44.0367	-20.9313	v42
61.9157	-63.9403	v43
-0.186021	0.49243	v44
-35.0185	3.47855	v45
-8.32049	-4.44884	v46
-22.4201	5.98175	v47
-12.7249	35.4425	v48
-12.6804	81.5958	v49
-6.01256	50.999	v50
-56.3271	16.6545	v51
-24.3579	-21.4875	v52
-14.8116	16.1098	v53
65.6251	13.6667	v54
32.8785	-116.646	v55
6.24955	-20.3548	v56
-16.2597	-39.1444	v57
-51.2479	9.83719	v58
-2.27006	2.21358	v59
4.81528	78.8781	v60
-84.9849	-50.5659	v61
-1.78449	-4.57194	v62
-6.16183	-1.32257	v63
-16.2911	44.4849	v64
-19.6506	-18.2235	v65
-17.6754	8.2035	v66
-1.18238	18.2936	v67
93.3287	-53.066	v68
28.0251	0.202867	v69
-7.49156	2.66326	v70
-78.9947	-7.36561	v71
-3.55586	-4.08269	v72
-30.4226	-23.2338	v73
20.9123	32.645	v74
0
4.2
1.8
3.5
0.1
2
2.5
2.9
0.9
1.3
1.5
0.6
4.6
3.2
2.8
1.2
4.2
4.6
4.3
2.8
3.7
4.2
0.5
0.3
0.4
4.3
3.3
2.2
1.7
1.9
4.6
4.8
2.7
2.2
3.9
2
1.3
1.8
5
3.6
4.5
0.4
1.2
2.3
3.4
2.4
1.5
4.2
1.2
0.4
1.9
4.8
4.5
1.3
0.8
3.8
1
2.4
4.2
3
2.9
1.7
3.6
4.1
4.3
3.9
0.7
4.1
4.3
1.5
4.9
4.7
0.6
4.1
3
0	28800
10800	25200
10800	25200
0	28800
0	28800
0	28800
0	28800
3600	25200
0	28800
0	14400
10800	25200
14400	28800
0	28800
10800	25200
7200	21600
0	28800
7200	21600
7200	21600
0	28800
14400	28800
3600	25200
7200	21600
7200	21600
0	28800
7200	21600
0	28800
0	28800
0	28800
3600	25200
0	28800
0	28800
10800	32400
14400	28800
0	28800
10800	32400
3600	25200
10800	32400
10800	32400
3600	25200
10800	32400
14400	28800
10800	32400
7200	21600
14400	28800
10800	32400
0	28800
10800	32400
0	28800
3600	25200
3600	25200
3600	25200
0	28800
7200	21600
0	28800
0	28800
14400	28800
10800	32400
7200	21600
0	28800
10800	32400
3600	25200
0	14400
10800	32400
10800	32400
3600	25200
7200	21600
0	28800
10800	32400
14400	28800
0	28800
10800	32400
0	14400
10800	32400
7200	21600
0	28800
0	28800
