75
Number of no-fly zones:														
15														
Nodes in no-fly zones:														
33	44	9	31	49	22	1	11	8	31	2	7	39	73	64
12.9354	2.60698	depot
6.04146	48.0214	v1
19.9805	-75.862	v2
-9.67911	113.096	v3
1.12474	-108.69	v4
29.1595	89.562	v5
58.6418	13.9796	v6
20.3959	13.945	v7
-89.3473	-29.9435	v8
81.7187	-42.0388	v9
12.9212	42.2499	v10
-33.5745	35.9341	v11
38.9438	16.9137	v12
-40.558	-26.53	v13
-8.1676	-14.5434	v14
29.1766	-22.0984	v15
-12.0706	1.8335	v16
61.5	-46.5338	v17
60.818	-33.6239	v18
-7.7464	4.13746	v19
22.6523	-98.4819	v20
-44.6783	3.44658	v21
-0.807903	-2.60476	v22
1.69269	-23.3401	v23
52.7442	2.9094	v24
-2.85833	-4.60192	v25
2.37104	-3.11219	v26
45.3742	-87.2829	v27
-34.9791	11.2438	v28
14.059	13.4964	v29
66.695	-34.3556	v30
-5.92109	-0.934504	v31
-72.3849	-52.3056	v32
-0.0415854	0.014187	v33
21.9293	-27.8302	v34
39.2587	43.9854	v35
-23.3488	3.91797	v36
-41.4035	-31.6696	v37
-19.7296	18.7579	v38
-3.81734	-17.4853	v39
28.3134	-3.18178	v40
8.50218	-16.8401	v41
22.4354	19.953	v42
-37.1037	-59.4736	v43
-18.964	26.7433	v44
34.8146	-47.8352	v45
-41.8016	-28.7719	v46
0.703523	18.676	v47
1.48069	12.1404	v48
9.23646	7.51407	v49
0.251119	14.8957	v50
-71.5645	0.505238	v51
-2.34253	-16.7928	v52
-41.9472	24.0354	v53
-24.3088	46.8473	v54
38.1912	-84.5127	v55
4.72987	7.05596	v56
-53.1492	80.2614	v57
-17.1617	-31.5319	v58
13.2387	-5.31698	v59
41.8392	64.8885	v60
-10.0758	-11.2765	v61
6.46349	-15.6882	v62
-0.947834	0.0300219	v63
-77.4596	-14.232	v64
-3.94037	-22.1717	v65
49.0414	-23.5052	v66
2.72916	30.8912	v67
-2.24647	13.9422	v68
3.59028	-13.3892	v69
53.6194	41.1941	v70
14.1342	-8.0058	v71
47.1145	-53.631	v72
6.06155	26.8834	v73
30.1212	-25.0997	v74
0
4.2
1.8
3.5
0.1
2
2.5
2.9
0.9
1.3
1.5
0.6
4.6
3.2
2.8
1.2
4.2
4.6
4.3
2.8
3.7
4.2
0.5
0.3
0.4
4.3
3.3
2.2
1.7
1.9
4.6
4.8
2.7
2.2
3.9
2
1.3
1.8
5
3.6
4.5
0.4
1.2
2.3
3.4
2.4
1.5
4.2
1.2
0.4
1.9
4.8
4.5
1.3
0.8
3.8
1
2.4
4.2
3
2.9
1.7
3.6
4.1
4.3
3.9
0.7
4.1
4.3
1.5
4.9
4.7
0.6
4.1
3
0	28800
0	28800
0	28800
0	28800
0	28800
0	28800
0	28800
0	28800
0	28800
0	28800
0	28800
0	28800
0	28800
0	28800
0	28800
0	28800
0	28800
0	28800
0	28800
0	28800
0	28800
0	28800
0	28800
0	28800
0	28800
0	28800
0	28800
0	28800
0	28800
0	28800
0	28800
0	28800
0	28800
0	28800
0	28800
0	28800
0	28800
0	28800
0	28800
0	28800
0	28800
0	28800
0	28800
0	28800
0	28800
0	28800
0	28800
0	28800
0	28800
0	28800
0	28800
0	28800
0	28800
0	28800
0	28800
0	28800
0	28800
0	28800
0	28800
0	28800
0	28800
0	28800
0	28800
0	28800
0	28800
0	28800
0	28800
0	28800
0	28800
0	28800
0	28800
0	28800
0	28800
0	28800
0	28800
0	28800
