50
Number of no-fly zones:									
10									
Nodes in no-fly zones:									
3	16	22	21	14	27	6	33	1	41
18.3118	-14.3679	depot
33.3055	-62.9627	v1
64.7966	20.1845	v2
18.5592	17.4538	v3
10.2764	-64.2502	v4
-8.31542	7.4451	v5
13.1214	-8.73795	v6
-8.5152	-15.2618	v7
-43.2965	-12.317	v8
-17.8822	21.6526	v9
-3.29271	0.709912	v10
-2.06027	-6.54969	v11
7.33872	-1.82394	v12
-0.994014	-12.8587	v13
-42.9144	28.1237	v14
36.0968	-41.9027	v15
31.55	46.1927	v16
-3.53263	5.68747	v17
43.0248	-30.5057	v18
-11.419	1.40305	v19
44.1092	3.35859	v20
-19.806	19.5865	v21
4.51759	59.9093	v22
-29.7465	1.99625	v23
-8.67131	-72.7074	v24
8.5078	-72.8374	v25
-4.94991	-48.3068	v26
1.685	1.44812	v27
12.5827	-13.7908	v28
1.20211	-2.89891	v29
-30.2595	34.4789	v30
10.4482	-42.5134	v31
11.0036	-64.9176	v32
42.4228	-13.9553	v33
-84.0514	44.6101	v34
27.764	10.3519	v35
33.643	37.7575	v36
0.754048	-21.6404	v37
10.6964	-3.11436	v38
-17.8303	15.0306	v39
-1.58305	-2.32538	v40
4.48784	34.6255	v41
39.7072	17.6059	v42
15.8709	48.0383	v43
3.78113	2.80859	v44
52.9739	-1.88173	v45
41.9324	-66.7637	v46
-0.157948	7.28021	v47
46.4334	18.2989	v48
-65.9425	5.49828	v49
0
4.2
1.8
3.5
0.1
2
2.5
2.9
0.9
1.3
1.5
0.6
4.6
3.2
2.8
1.2
4.2
4.6
4.3
2.8
3.7
4.2
0.5
0.3
0.4
4.3
3.3
2.2
1.7
1.9
4.6
4.8
2.7
2.2
3.9
2
1.3
1.8
5
3.6
4.5
0.4
1.2
2.3
3.4
2.4
1.5
4.2
1.2
0.4
0	28800
0	28800
0	28800
0	28800
0	28800
0	28800
0	28800
0	28800
0	28800
0	28800
0	28800
0	28800
0	28800
0	28800
0	28800
0	28800
0	28800
0	28800
0	28800
0	28800
0	28800
0	28800
0	28800
0	28800
0	28800
0	28800
0	28800
0	28800
0	28800
0	28800
0	28800
0	28800
0	28800
0	28800
0	28800
0	28800
0	28800
0	28800
0	28800
0	28800
0	28800
0	28800
0	28800
0	28800
0	28800
0	28800
0	28800
0	28800
0	28800
0	28800
0	28800
