100
Number of no-fly zones:																			
20																			
Nodes in no-fly zones:																			
12	15	62	69	32	67	86	33	54	42	61	23	29	65	72	82	5	31	9	4
-0.686947	0.804997	depot
-7.80241	10.3081	v1
0.17844	-0.542699	v2
0.227219	0.224524	v3
-2.18872	-22.312	v4
-64.2306	16.0675	v5
15.8799	10.8396	v6
28.1698	39.7827	v7
43.7427	-26.6811	v8
-12.7402	5.22771	v9
15.1386	10.9343	v10
-44.61	-5.63711	v11
50.3804	-6.14019	v12
9.25276	7.34281	v13
36.4879	28.2541	v14
15.3837	-50.117	v15
23.1091	20.4955	v16
-37.6572	-22.289	v17
-5.58828	6.88974	v18
-33.8718	28.0368	v19
-48.2331	54.0163	v20
-0.152455	-24.6408	v21
-4.73572	6.62962	v22
-93.0073	-20.2444	v23
-47.4632	66.4085	v24
14.1037	1.92548	v25
18.8854	23.8244	v26
6.30899	1.40149	v27
15.7151	-46.4156	v28
11.2362	-30.741	v29
76.6018	-7.1995	v30
32.7405	-13.8046	v31
5.57173	4.85279	v32
1.60617	0.803317	v33
3.11266	53.2798	v34
5.35332	7.35329	v35
-14.7928	2.2434	v36
-4.08857	-9.47182	v37
-18.4443	-40.7288	v38
-17.4586	16.0531	v39
81.3489	-19.6489	v40
43.2823	-0.0685315	v41
-3.49175	-0.0873622	v42
-0.16317	29.4645	v43
70.6093	94.9289	v44
2.60517	41.7074	v45
6.86975	-19.2554	v46
-27.4442	-80.732	v47
6.08136	-11.0356	v48
38.2177	-7.28582	v49
-28.3012	-61.0966	v50
0.669716	-3.89473	v51
-9.0385	39.9725	v52
25.7206	22.4231	v53
-5.69815	-41.8679	v54
47.2053	11.5959	v55
-73.5604	-116.021	v56
28.2708	26.4634	v57
-23.2033	-41.4207	v58
-23.4743	2.81329	v59
-11.6764	2.40878	v60
3.25544	5.00301	v61
35.3614	-31.5112	v62
35.8728	54.455	v63
-52.4892	-92.8092	v64
112.908	-33.4339	v65
-107.14	-17.1517	v66
51.463	-45.0282	v67
-2.12637	-28.6527	v68
4.88046	-88.6421	v69
-23.9217	61.2687	v70
4.39035	-44.174	v71
13.8168	26.0187	v72
7.13594	-2.68816	v73
-3.60054	1.09621	v74
41.0376	3.12945	v75
-25.1719	-20.878	v76
26.6667	-39.0827	v77
12.2276	-0.382744	v78
-37.8895	30.1809	v79
11.5507	27.3531	v80
-16.534	-2.6783	v81
1.49919	-1.27981	v82
-4.66042	8.86331	v83
8.35582	-12.5274	v84
13.7514	-5.34778	v85
43.0074	-40.2072	v86
-8.57715	-21.8323	v87
86.6974	102.384	v88
58.1105	60.469	v89
1.87234	95.9173	v90
23.1046	-54.4865	v91
-99.3267	29.7791	v92
50.5382	-68.4783	v93
-7.21017	-20.445	v94
14.2784	35.8498	v95
0.507615	-0.972279	v96
-5.64858	-12.9844	v97
58.5361	-17.4133	v98
-45.8202	-20.367	v99
0
4.2
1.8
3.5
0.1
2
2.5
2.9
0.9
1.3
1.5
0.6
4.6
3.2
2.8
1.2
4.2
4.6
4.3
2.8
3.7
4.2
0.5
0.3
0.4
4.3
3.3
2.2
1.7
1.9
4.6
4.8
2.7
2.2
3.9
2
1.3
1.8
5
3.6
4.5
0.4
1.2
2.3
3.4
2.4
1.5
4.2
1.2
0.4
1.9
4.8
4.5
1.3
0.8
3.8
1
2.4
4.2
3
2.9
1.7
3.6
4.1
4.3
3.9
0.7
4.1
4.3
1.5
4.9
4.7
0.6
4.1
3
2.1
0.1
0.7
0.2
4.4
4.9
3
2.4
3.5
0.5
0.7
4.1
1.7
2.7
3.2
0.9
4.5
4
2.7
2.4
3.8
3.9
1.9
3.3
3
0	28800
0	28800
0	28800
0	28800
0	28800
0	28800
0	28800
0	28800
0	28800
0	28800
0	28800
0	28800
0	28800
0	28800
0	28800
0	28800
0	28800
0	28800
0	28800
0	28800
0	28800
0	28800
0	28800
0	28800
0	28800
0	28800
0	28800
0	28800
0	28800
0	28800
0	28800
0	28800
0	28800
0	28800
0	28800
0	28800
0	28800
0	28800
0	28800
0	28800
0	28800
0	28800
0	28800
0	28800
0	28800
0	28800
0	28800
0	28800
0	28800
0	28800
0	28800
0	28800
0	28800
0	28800
0	28800
0	28800
0	28800
0	28800
0	28800
0	28800
0	28800
0	28800
0	28800
0	28800
0	28800
0	28800
0	28800
0	28800
0	28800
0	28800
0	28800
0	28800
0	28800
0	28800
0	28800
0	28800
0	28800
0	28800
0	28800
0	28800
0	28800
0	28800
0	28800
0	28800
0	28800
0	28800
0	28800
0	28800
0	28800
0	28800
0	28800
0	28800
0	28800
0	28800
0	28800
0	28800
0	28800
0	28800
0	28800
0	28800
0	28800
