75
Number of no-fly zones:														
15														
Nodes in no-fly zones:														
31	64	43	34	32	1	44	12	51	23	49	53	39	33	42
-6.59033	-9.8954	depot
-4.85803	1.00558	v1
25.1695	-8.74372	v2
48.5995	-28.5307	v3
27.0337	24.6964	v4
9.13735	1.82199	v5
41.9496	-26.5727	v6
-10.3481	4.30831	v7
-4.37107	-16.8808	v8
15.6757	0.432387	v9
-9.00465	41.3176	v10
24.9247	-8.07711	v11
19.1546	-4.56481	v12
-44.1022	-47.3593	v13
26.1063	-6.5658	v14
72.8268	-62.5509	v15
-49.2641	-74.1403	v16
56.1199	-29.5022	v17
-4.1103	24.8177	v18
-17.9418	-38.3329	v19
0.17597	-34.194	v20
15.5952	-48.1016	v21
-52.5815	22.8688	v22
29.6519	-29.588	v23
-39.8305	4.37893	v24
-4.33202	-31.8736	v25
5.51056	-26.988	v26
-32.5743	16.3546	v27
25.6761	0.852754	v28
54.5652	52.108	v29
21.7059	-20.4683	v30
1.46102	9.74724	v31
-4.1754	-3.10197	v32
2.65163	-55.81	v33
-43.5121	34.1927	v34
-14.6239	-55.6689	v35
22.2526	1.54646	v36
3.82599	-0.567649	v37
13.738	11.0684	v38
-10.1815	-18.4441	v39
0.705554	16.5662	v40
-53.1413	-0.938232	v41
27.9012	-39.1437	v42
-25.6782	27.4573	v43
-23.1136	36.6978	v44
-87.4545	73.2776	v45
15.6066	11.0811	v46
23.5035	52.7003	v47
55.917	-13.1259	v48
-18.4758	6.77095	v49
8.08901	2.30112	v50
-20.3018	-6.23934	v51
3.94135	34.4519	v52
-3.94626	-54.3759	v53
0.675551	1.28543	v54
-9.51892	-81.2653	v55
7.32835	67.3168	v56
4.61333	5.36248	v57
14.6832	15.8444	v58
46.2711	-53.0618	v59
-31.021	-54.6708	v60
69.6193	24.9547	v61
-0.145565	-1.88375	v62
-2.11397	-15.7248	v63
-54.279	25.1389	v64
-34.0483	-73.211	v65
-31.0633	-34.7356	v66
0.0027071	1.79929	v67
-25.8914	18.9712	v68
-43.936	63.2332	v69
-10.2976	-2.28869	v70
-22.4155	6.69823	v71
5.51579	8.1835	v72
8.14548	-0.95439	v73
9.11528	-6.32723	v74
0
4.2
1.8
3.5
0.1
2
2.5
2.9
0.9
1.3
1.5
0.6
4.6
3.2
2.8
1.2
4.2
4.6
4.3
2.8
3.7
4.2
0.5
0.3
0.4
4.3
3.3
2.2
1.7
1.9
4.6
4.8
2.7
2.2
3.9
2
1.3
1.8
5
3.6
4.5
0.4
1.2
2.3
3.4
2.4
1.5
4.2
1.2
0.4
1.9
4.8
4.5
1.3
0.8
3.8
1
2.4
4.2
3
2.9
1.7
3.6
4.1
4.3
3.9
0.7
4.1
4.3
1.5
4.9
4.7
0.6
4.1
3
0	28800
7200	28800
7200	28800
3600	25200
0	21600
7200	28800
3600	25200
3600	25200
7200	28800
7200	28800
0	21600
7200	28800
7200	28800
3600	25200
7200	28800
3600	25200
3600	25200
3600	25200
0	21600
3600	25200
3600	25200
3600	25200
3600	25200
3600	25200
3600	25200
3600	25200
7200	28800
3600	25200
7200	28800
0	21600
7200	28800
7200	28800
7200	28800
3600	25200
3600	25200
3600	25200
7200	28800
7200	28800
7200	28800
7200	28800
7200	28800
3600	25200
3600	25200
3600	25200
3600	25200
3600	25200
7200	28800
0	21600
3600	25200
3600	25200
7200	28800
3600	25200
0	21600
3600	25200
7200	28800
3600	25200
0	21600
7200	28800
7200	28800
3600	25200
3600	25200
0	21600
7200	28800
7200	28800
3600	25200
3600	25200
3600	25200
7200	28800
3600	25200
3600	25200
3600	25200
3600	25200
7200	28800
7200	28800
7200	28800
0	28800
