20
Number of no-fly zones:				
5				
Nodes in no-fly zones:				
5	2	15	12	14
-8.19482	-14.8812	depot
-26.7898	-67.875	v1
-73.5679	-13.9054	v2
5.09356	15.1685	v3
-17.3285	-16.2151	v4
-6.01144	4.68245	v5
-21.5656	-118.678	v6
-18.707	54.0562	v7
25.5188	-103.309	v8
-19.0985	10.6065	v9
-22.9107	-10.1768	v10
-1.19636	1.08391	v11
49.1987	35.2503	v12
-50.3196	-19.2922	v13
-20.5169	-7.39064	v14
121.635	-37.0363	v15
41.9558	-10.1617	v16
14.1844	-18.597	v17
18.0644	-28.4383	v18
-17.6335	74.0454	v19
0
4.2
1.8
3.5
0.1
2
2.5
2.9
0.9
1.3
1.5
0.6
4.6
3.2
2.8
1.2
4.2
4.6
4.3
2.8
0	28800
3600	25200
3600	25200
3600	25200
3600	25200
3600	25200
3600	25200
0	21600
7200	28800
3600	25200
3600	25200
3600	25200
0	21600
3600	25200
3600	25200
7200	28800
7200	28800
3600	25200
3600	25200
0	21600
0	28800
