20
-13.5397	32.4989	depot
-1.02698	4.05277	v1
2.85526	3.33051	v2
-25.0912	17.1433	v3
13.8081	-18.567	v4
-12.9406	4.29317	v5
11.7988	-40.9596	v6
-68.6227	34.2829	v7
-133.817	68.7443	v8
36.2544	-42.0373	v9
35.515	10.7756	v10
-27.2647	-88.0545	v11
-17.9262	32.414	v12
-0.860969	2.11085	v13
10.4211	23.3862	v14
9.3237	4.07901	v15
-1.58891	0.439498	v16
7.77545	-110.708	v17
9.79199	9.62059	v18
25.0784	-18.912	v19
0
4.2
1.8
3.5
0.1
2
2.5
2.9
0.9
1.3
1.5
0.6
4.6
3.2
2.8
1.2
4.2
4.6
4.3
2.8
0	28800
7200	28800
7200	28800
7200	28800
3600	25200
7200	28800
3600	25200
0	21600
0	21600
3600	25200
3600	25200
3600	25200
7200	28800
7200	28800
7200	28800
7200	28800
7200	28800
3600	25200
7200	28800
3600	25200
0	28800
