50
Number of no-fly zones:									
10									
Nodes in no-fly zones:									
14	35	31	1	7	4	33	12	46	5
43.3031	-15.1351	depot
-0.703133	9.4665	v1
1.98034	-19.2814	v2
-12.8657	-2.12203	v3
-57.3557	9.83136	v4
80.898	19.7722	v5
-32.6882	5.31445	v6
-4.34617	12.4235	v7
61.4138	15.7592	v8
2.30636	15.7741	v9
0.892947	-0.682609	v10
-31.8944	-59.6055	v11
18.4301	-31.2015	v12
1.20431	-3.27626	v13
-2.22834	-1.24773	v14
-42.7376	-35.3516	v15
16.4487	61.9399	v16
5.03355	-17.5745	v17
4.28929	2.69187	v18
40.1973	-48.3285	v19
19.3002	-68.6677	v20
39.8517	-24.6318	v21
-70.3962	-17.3025	v22
3.83845	-84.3045	v23
-58.6416	-10.4148	v24
6.38432	14.0156	v25
-10.8516	8.02643	v26
51.5791	-4.07992	v27
30.4749	6.37927	v28
-10.0638	-3.68466	v29
0.95223	3.78578	v30
20.1692	-112.979	v31
-19.5775	-12.8222	v32
-26.7079	-22.5048	v33
52.4634	8.01893	v34
-27.8807	-10.084	v35
21.7967	-13.0743	v36
13.7882	-104.026	v37
-27.6326	45.2765	v38
-9.25121	55.2666	v39
20.5632	2.70857	v40
83.7345	-25.7506	v41
39.2182	-61.0062	v42
12.2704	9.48418	v43
-55.5679	78.0791	v44
3.39755	41.8266	v45
-65.2523	-5.48344	v46
51.1063	17.048	v47
1.84237	-2.67776	v48
-93.0853	1.60894	v49
0
4.2
1.8
3.5
0.1
2
2.5
2.9
0.9
1.3
1.5
0.6
4.6
3.2
2.8
1.2
4.2
4.6
4.3
2.8
3.7
4.2
0.5
0.3
0.4
4.3
3.3
2.2
1.7
1.9
4.6
4.8
2.7
2.2
3.9
2
1.3
1.8
5
3.6
4.5
0.4
1.2
2.3
3.4
2.4
1.5
4.2
1.2
0.4
0	28800
3600	25200
3600	25200
3600	25200
3600	25200
3600	25200
3600	25200
3600	25200
3600	25200
3600	25200
3600	25200
3600	25200
3600	25200
3600	25200
3600	25200
3600	25200
0	21600
3600	25200
3600	25200
7200	28800
7200	28800
3600	25200
3600	25200
7200	28800
3600	25200
3600	25200
3600	25200
3600	25200
3600	25200
3600	25200
3600	25200
7200	28800
3600	25200
3600	25200
3600	25200
3600	25200
3600	25200
7200	28800
3600	25200
0	21600
3600	25200
7200	28800
7200	28800
3600	25200
3600	25200
0	21600
3600	25200
3600	25200
3600	25200
3600	25200
0	28800
