20
Number of no-fly zones:				
5				
Nodes in no-fly zones:				
4	5	13	18	6
9.28734	14.6011	depot
13.6735	4.29718	v1
-36.8249	-23.1471	v2
8.6549	-2.6615	v3
-20.0135	-16.5255	v4
-0.318469	-0.113732	v5
8.1272	35.7592	v6
-38.7952	5.20463	v7
-11.1939	19.6826	v8
123.007	-60.7344	v9
-2.23823	8.36473	v10
64.4081	-8.48727	v11
-3.02007	0.639669	v12
-19.0015	67.911	v13
37.7576	-34.753	v14
14.279	12.9186	v15
-4.43942	11.0574	v16
97.2217	-66.3462	v17
5.42401	-18.3203	v18
16.6662	44.5346	v19
0
4.2
1.8
3.5
0.1
2
2.5
2.9
0.9
1.3
1.5
0.6
4.6
3.2
2.8
1.2
4.2
4.6
4.3
2.8
0	28800
7200	21600
7200	21600
0	14400
0	14400
14400	28800
10800	25200
3600	18000
3600	18000
14400	28800
10800	25200
3600	18000
3600	18000
3600	18000
3600	18000
14400	28800
10800	25200
3600	18000
10800	25200
7200	21600
0	28800
