20
Number of no-fly zones:				
5				
Nodes in no-fly zones:				
3	2	1	15	17
-17.7869	63.602	depot
-58.6709	48.8367	v1
11.8997	-12.7133	v2
-89.6942	-21.1525	v3
41.7125	-28.3884	v4
-0.80248	-0.845712	v5
-0.366019	0.979141	v6
-31.7841	2.78981	v7
-16.045	1.18486	v8
-27.6438	-28.4914	v9
19.0654	-39.3932	v10
-1.87174	-77.2588	v11
-13.793	48.5449	v12
2.3147	-6.35937	v13
-22.3364	-46.8895	v14
3.61729	53.2622	v15
4.28355	1.30816	v16
61.7763	51.495	v17
25.4461	-58.2682	v18
-19.1356	-14.1915	v19
0
4.2
1.8
3.5
0.1
2
2.5
2.9
0.9
1.3
1.5
0.6
4.6
3.2
2.8
1.2
4.2
4.6
4.3
2.8
0	28800
7200	21600
7200	21600
0	14400
0	14400
14400	28800
10800	25200
3600	18000
3600	18000
14400	28800
10800	25200
3600	18000
3600	18000
3600	18000
3600	18000
14400	28800
10800	25200
3600	18000
10800	25200
7200	21600
0	28800
