100
Number of no-fly zones:																			
20																			
Nodes in no-fly zones:																			
74	26	75	15	7	63	2	99	67	3	30	76	1	69	88	29	9	23	72	55
2.03604	-4.74224	depot
-82.2195	-76.7252	v1
35.1527	87.2173	v2
-15.5243	41.9207	v3
56.8014	-60.5483	v4
1.82007	24.4167	v5
-55.9079	25.1067	v6
63.8873	-27.2449	v7
-10.8688	29.3302	v8
-18.9215	-3.82129	v9
12.5386	-27.7658	v10
88.4443	56.4104	v11
-13.4781	7.01979	v12
-1.29231	-0.930313	v13
10.0125	75.1568	v14
28.8985	-2.23245	v15
22.006	-2.46777	v16
15.1041	-72.6592	v17
0.696332	12.0411	v18
-34.1751	-60.6467	v19
30.3132	-29.095	v20
6.53436	3.46204	v21
-0.00821426	22.3085	v22
18.3106	4.40268	v23
3.46787	-19.1004	v24
-31.7293	-67.9984	v25
8.08703	5.6717	v26
8.22941	30.5401	v27
-20.4815	-65.7509	v28
12.431	0.273436	v29
-4.17286	-32.2511	v30
10.6486	-39.8244	v31
-12.1224	-12.1661	v32
13.6532	-3.22403	v33
34.5665	6.87975	v34
54.9653	-2.20783	v35
-54.7774	139.281	v36
40.8533	-33.2784	v37
128.092	38.086	v38
-38.9411	-66.0368	v39
8.30464	29.0935	v40
-15.4531	21.4468	v41
7.69892	-4.42576	v42
32.4481	65.9898	v43
25.3076	23.2373	v44
35.3743	-5.25383	v45
19.3165	3.92787	v46
-6.24687	-98.9448	v47
-15.76	-44.921	v48
-72.9917	20.1079	v49
-20.7315	97.9596	v50
-30.3961	-17.5772	v51
-0.741884	6.44762	v52
-56.011	58.1788	v53
23.6402	29.6068	v54
54.8337	-8.79982	v55
17.9049	-11.2196	v56
-41.8345	-20.5907	v57
97.7174	5.02597	v58
-5.28286	-2.09971	v59
119.585	47.7621	v60
45.4733	-65.5416	v61
-3.43109	-0.745554	v62
-1.17628	-14.9992	v63
55.2816	23.0841	v64
-26.428	-1.71077	v65
60.1004	67.8364	v66
-31.477	37.9366	v67
11.854	9.85216	v68
24.0418	-4.71163	v69
-2.31496	-0.150121	v70
-133.89	-38.2068	v71
5.99733	16.2611	v72
-144.723	-91.203	v73
35.7397	28.9367	v74
-14.6449	20.8584	v75
-0.887404	-19.549	v76
1.95394	-5.79387	v77
-14.259	11.0258	v78
-38.3524	-49.8491	v79
18.987	-40.0496	v80
-7.16454	4.00295	v81
-46.5585	39.8284	v82
-3.13139	62.5711	v83
-10.8167	-4.52012	v84
-10.1377	-10.2239	v85
40.0349	23.492	v86
-10.5664	4.71019	v87
-15.4852	6.44305	v88
53.8239	-8.67558	v89
-24.3281	14.3266	v90
69.068	24.3544	v91
-6.89099	0.719257	v92
9.28271	-2.43534	v93
87.062	63.6284	v94
-7.73011	28.186	v95
7.57315	-13.9008	v96
-4.51707	-3.37805	v97
10.1888	47.8256	v98
12.3236	-40.9354	v99
0
4.2
1.8
3.5
0.1
2
2.5
2.9
0.9
1.3
1.5
0.6
4.6
3.2
2.8
1.2
4.2
4.6
4.3
2.8
3.7
4.2
0.5
0.3
0.4
4.3
3.3
2.2
1.7
1.9
4.6
4.8
2.7
2.2
3.9
2
1.3
1.8
5
3.6
4.5
0.4
1.2
2.3
3.4
2.4
1.5
4.2
1.2
0.4
1.9
4.8
4.5
1.3
0.8
3.8
1
2.4
4.2
3
2.9
1.7
3.6
4.1
4.3
3.9
0.7
4.1
4.3
1.5
4.9
4.7
0.6
4.1
3
2.1
0.1
0.7
0.2
4.4
4.9
3
2.4
3.5
0.5
0.7
4.1
1.7
2.7
3.2
0.9
4.5
4
2.7
2.4
3.8
3.9
1.9
3.3
3
0	28800
7200	21600
3600	18000
3600	18000
0	14400
14400	28800
3600	18000
0	14400
14400	28800
14400	28800
0	14400
3600	18000
14400	28800
14400	28800
3600	18000
14400	28800
14400	28800
0	14400
14400	28800
10800	25200
0	14400
14400	28800
14400	28800
14400	28800
14400	28800
10800	25200
14400	28800
14400	28800
10800	25200
14400	28800
10800	25200
0	14400
14400	28800
14400	28800
14400	28800
0	14400
3600	18000
0	14400
3600	18000
10800	25200
14400	28800
14400	28800
14400	28800
3600	18000
14400	28800
0	14400
14400	28800
10800	25200
10800	25200
3600	18000
3600	18000
10800	25200
14400	28800
3600	18000
14400	28800
0	14400
14400	28800
10800	25200
3600	18000
14400	28800
3600	18000
0	14400
14400	28800
14400	28800
3600	18000
14400	28800
3600	18000
3600	18000
14400	28800
14400	28800
14400	28800
7200	21600
14400	28800
7200	21600
3600	18000
14400	28800
14400	28800
14400	28800
14400	28800
10800	25200
0	14400
14400	28800
3600	18000
3600	18000
14400	28800
14400	28800
3600	18000
14400	28800
14400	28800
0	14400
14400	28800
3600	18000
14400	28800
14400	28800
3600	18000
14400	28800
14400	28800
14400	28800
14400	28800
0	14400
0	28800
