100
Number of no-fly zones:																			
20																			
Nodes in no-fly zones:																			
5	53	42	70	93	9	95	96	6	60	3	38	89	39	13	81	56	2	11	44
148.896	48.6418	depot
-28.3901	2.66788	v1
-5.82773	-57.7106	v2
12.1048	91.4163	v3
49.8127	-16.0328	v4
12.1343	4.27988	v5
-69.9749	4.24018	v6
-14.7818	6.37479	v7
-34.277	-18.8685	v8
4.76905	10.9676	v9
63.4663	103.795	v10
1.50312	10.189	v11
76.6296	-24.5047	v12
51.9354	38.5302	v13
6.92952	-1.95889	v14
0.696185	-1.15984	v15
-0.568538	-3.35456	v16
2.6663	-11.4886	v17
40.4291	59.1255	v18
12.2479	-6.6791	v19
-29.9353	-28.5501	v20
7.05378	0.201515	v21
23.287	-21.5447	v22
-15.2266	-29.0501	v23
17.3248	-12.0328	v24
34.5349	43.7507	v25
-23.7148	67.0502	v26
0.988412	-2.98946	v27
28.7724	26.0028	v28
-8.14631	6.03172	v29
-19.1862	-32.1487	v30
-37.3527	-11.9446	v31
-6.80356	-5.85929	v32
29.116	13.444	v33
-22.109	78.4518	v34
-2.68937	0.333446	v35
-27.0035	-47.3257	v36
62.9594	-79.4163	v37
-22.561	-12.1227	v38
12.3894	5.59537	v39
21.4628	-1.94064	v40
16.5574	4.0323	v41
5.27051	-0.920752	v42
-45.3647	-6.73304	v43
-1.97777	10.1108	v44
14.699	34.7933	v45
110.802	52.4362	v46
66.8561	-2.80953	v47
8.2482	5.32779	v48
-9.98448	0.754846	v49
11.5958	-10.1039	v50
-12.275	10.6569	v51
23.0515	11.2274	v52
-9.08145	27.2538	v53
-6.15522	6.96507	v54
52.8664	21.1192	v55
14.9445	-78.1602	v56
-6.40685	18.585	v57
95.691	16.8302	v58
-7.39803	1.92987	v59
39.6847	-41.2809	v60
-28.1026	55.7799	v61
33.8058	24.4357	v62
-86.5978	44.2976	v63
-81.0198	2.69205	v64
22.8592	11.3367	v65
24.9465	23.2357	v66
83.0981	-24.4502	v67
27.1862	-126.141	v68
26.2905	18.4612	v69
42.7126	20.0207	v70
-26.6104	111.269	v71
7.21641	21.0328	v72
-32.8302	-15.1939	v73
25.1882	-31.2662	v74
-8.59266	43.5574	v75
-17.5342	-10.1012	v76
0.909092	0.269078	v77
-0.920049	14.9634	v78
54.9185	-30.169	v79
-0.320285	-0.370481	v80
12.8547	-11.3885	v81
-77.3625	26.0182	v82
28.4566	16.5973	v83
21.8887	0.421552	v84
-50.9129	27.8637	v85
-32.7358	-21.7417	v86
-21.9019	-14.0801	v87
25.1627	-10.5696	v88
-22.8675	31.4779	v89
6.33556	-73.523	v90
-20.5194	11.3967	v91
-6.19584	30.5464	v92
-11.9514	-28.5836	v93
-2.3784	0.712372	v94
-1.534	-0.635154	v95
-21.6065	-5.67832	v96
19.3864	-6.73198	v97
14.4966	15.9703	v98
31.7541	5.47846	v99
0
4.2
1.8
3.5
0.1
2
2.5
2.9
0.9
1.3
1.5
0.6
4.6
3.2
2.8
1.2
4.2
4.6
4.3
2.8
3.7
4.2
0.5
0.3
0.4
4.3
3.3
2.2
1.7
1.9
4.6
4.8
2.7
2.2
3.9
2
1.3
1.8
5
3.6
4.5
0.4
1.2
2.3
3.4
2.4
1.5
4.2
1.2
0.4
1.9
4.8
4.5
1.3
0.8
3.8
1
2.4
4.2
3
2.9
1.7
3.6
4.1
4.3
3.9
0.7
4.1
4.3
1.5
4.9
4.7
0.6
4.1
3
2.1
0.1
0.7
0.2
4.4
4.9
3
2.4
3.5
0.5
0.7
4.1
1.7
2.7
3.2
0.9
4.5
4
2.7
2.4
3.8
3.9
1.9
3.3
3
0	28800
10800	25200
10800	25200
14400	28800
0	14400
7200	21600
10800	25200
3600	18000
10800	25200
3600	18000
14400	28800
3600	18000
0	14400
14400	28800
7200	21600
3600	18000
3600	18000
7200	21600
14400	28800
7200	21600
10800	25200
7200	21600
7200	21600
10800	25200
7200	21600
14400	28800
14400	28800
3600	18000
7200	21600
3600	18000
10800	25200
10800	25200
3600	18000
7200	21600
14400	28800
3600	18000
10800	25200
0	14400
10800	25200
7200	21600
7200	21600
7200	21600
7200	21600
10800	25200
3600	18000
3600	18000
14400	28800
0	14400
7200	21600
3600	18000
7200	21600
3600	18000
7200	21600
3600	18000
3600	18000
7200	21600
0	14400
3600	18000
0	14400
3600	18000
0	14400
3600	18000
7200	21600
10800	25200
10800	25200
7200	21600
7200	21600
0	14400
0	14400
7200	21600
7200	21600
14400	28800
3600	18000
10800	25200
0	14400
3600	18000
10800	25200
3600	18000
3600	18000
0	14400
3600	18000
7200	21600
10800	25200
7200	21600
7200	21600
10800	25200
10800	25200
10800	25200
7200	21600
3600	18000
0	14400
3600	18000
3600	18000
10800	25200
3600	18000
3600	18000
10800	25200
7200	21600
7200	21600
7200	21600
0	28800
